pybullet build time: Feb  8 2021 12:10:46
b3Warning[examples/Importers/ImportURDFDemo/BulletUrdfImporter.cpp,126]:
expected a world element, continuing without it.Back_Lower_Leg
Front_Leg
Back_Lower_Leg
Right_Leg
[[ 1.  1.  1. ...  1.  1.  1.]
 [ 1.  1. -1. ...  1.  1.  1.]
 [ 1.  1.  1. ...  1.  1.  1.]
 [ 1.  1.  1. ...  1.  1.  1.]]
[1.  1.  0.5 ... 1.  1.  1. ]
[[  6   7]
 [ 13  14]
 [ 16  17]
 [ 21  26]
 [ 33  34]
 [ 36  40]
 [ 48  52]
 [135 136]]
[136 138]
 [243 244]]
[846 847]
 [855 856]]
533  534]
 [ 536  537]
 [ 590  591]
 [ 613  614]
 [ 618  619]
 [ 621  622]
 [ 625  626]
 [ 628  650]
 [ 812  815]
 [ 892  893]
 [ 899  900]
 [ 918  940]
 [ 956  957]
 [ 958  960]
 [ 961  965]
 [ 967  973]
 [ 979  988]
 [1081 1082]
 [1091 1092]
 [1133 1134]
 [1248 1249]
 [1265 1266]
 [1286 1287]
 [1295 1302]
 [1321 1322]
 [1418 1419]
 [1420 1421]
 [1422 1423]
 [1447 1448]
 [1471 1472]
 [1473 1487]
 [1488 1500]]
[1176 1177]]
 764]
 [ 776  777]
 [ 853  854]
 [ 857  858]
 [ 868  871]
 [ 875  881]
 [ 902  910]
 [ 913  919]
 [ 925  927]
 [ 933  937]
 [ 939  940]
 [1050 1051]
 [1063 1066]
 [1078 1080]
 [1090 1093]
 [1096 1103]
 [1107 1115]
 [1118 1124]
 [1126 1131]
 [1134 1140]
 [1158 1159]
 [1257 1258]
 [1263 1264]
 [1267 1268]
 [1269 1271]
 [1274 1283]
 [1287 1295]
 [1298 1304]
 [1306 1311]
 [1314 1316]
 [1343 1344]
 [1405 1407]
 [1424 1425]
 [1452 1453]
 [1456 1457]
 [1459 1460]
 [1463 1468]
 [1472 1477]
 [1480 1487]]
